Parameters: [164.0, 99.8, 176.6, 66.2, 54.3, 2337.0, 109.0, 3.19, 3.4, 10.0, 102.0, 5500.0, 24.0, 30.0, 2.0]	Result: 13950.0	kNN: 9861.0
Parameters: [164.0, 99.4, 176.6, 66.4, 54.3, 2824.0, 136.0, 3.19, 3.4, 8.0, 115.0, 5500.0, 18.0, 22.0, 2.0]	Result: 17450.0	kNN: 19292.666666666668
Parameters: [158.0, 105.8, 192.7, 71.4, 55.7, 2844.0, 136.0, 3.19, 3.4, 8.5, 110.0, 5500.0, 19.0, 25.0, 1.0]	Result: 17710.0	kNN: 18073.333333333332
Parameters: [158.0, 105.8, 192.7, 71.4, 55.9, 3086.0, 131.0, 3.13, 3.4, 8.3, 140.0, 5500.0, 17.0, 20.0, 1.0]	Result: 23875.0	kNN: 20753.333333333332
Parameters: [192.0, 101.2, 176.8, 64.8, 54.3, 2395.0, 108.0, 3.5, 2.8, 8.8, 101.0, 5800.0, 23.0, 29.0, 2.0]	Result: 16430.0	kNN: 13388.333333333334
Parameters: [192.0, 101.2, 176.8, 64.8, 54.3, 2395.0, 108.0, 3.5, 2.8, 8.8, 101.0, 5800.0, 23.0, 29.0, 0.0]	Result: 16925.0	kNN: 13223.333333333334
Parameters: [188.0, 101.2, 176.8, 64.8, 54.3, 2710.0, 164.0, 3.31, 3.19, 9.0, 121.0, 4250.0, 21.0, 28.0, 0.0]	Result: 20970.0	kNN: 14113.666666666666
Parameters: [188.0, 101.2, 176.8, 64.8, 54.3, 2765.0, 164.0, 3.31, 3.19, 9.0, 121.0, 4250.0, 21.0, 28.0, 0.0]	Result: 21105.0	kNN: 14068.666666666666
Parameters: [121.0, 88.4, 141.1, 60.3, 53.2, 1488.0, 61.0, 2.91, 3.03, 9.5, 48.0, 5100.0, 47.0, 53.0, 2.0]	Result: 5151.0	kNN: 5724.333333333333
Parameters: [98.0, 94.5, 155.9, 63.6, 52.0, 1874.0, 90.0, 3.03, 3.11, 9.6, 70.0, 5400.0, 38.0, 43.0, 1.0]	Result: 6295.0	kNN: 6174.666666666667
Parameters: [81.0, 94.5, 158.8, 63.6, 52.0, 1909.0, 90.0, 3.03, 3.11, 9.6, 70.0, 5400.0, 38.0, 43.0, 0.0]	Result: 6575.0	kNN: 5813.0
Parameters: [118.0, 93.7, 157.3, 63.8, 50.8, 1876.0, 90.0, 2.97, 3.23, 9.41, 68.0, 5500.0, 37.0, 41.0, 1.0]	Result: 5572.0	kNN: 5782.666666666667
Parameters: [118.0, 93.7, 157.3, 63.8, 50.8, 1876.0, 90.0, 2.97, 3.23, 9.4, 68.0, 5500.0, 31.0, 38.0, 1.0]	Result: 6377.0	kNN: 5514.333333333333
Parameters: [118.0, 93.7, 157.3, 63.8, 50.8, 2128.0, 98.0, 3.03, 3.39, 7.6, 102.0, 5500.0, 24.0, 30.0, 1.0]	Result: 7957.0	kNN: 7751.666666666667
Parameters: [148.0, 93.7, 157.3, 63.8, 50.6, 1967.0, 90.0, 2.97, 3.23, 9.4, 68.0, 5500.0, 31.0, 38.0, 1.0]	Result: 6229.0	kNN: 6843.333333333333
Parameters: [148.0, 93.7, 157.3, 63.8, 50.6, 1989.0, 90.0, 2.97, 3.23, 9.4, 68.0, 5500.0, 31.0, 38.0, 1.0]	Result: 6692.0	kNN: 6990.0
Parameters: [148.0, 93.7, 157.3, 63.8, 50.6, 1989.0, 90.0, 2.97, 3.23, 9.4, 68.0, 5500.0, 31.0, 38.0, 1.0]	Result: 7609.0	kNN: 6684.333333333333
Parameters: [110.0, 103.3, 174.6, 64.6, 59.8, 2535.0, 122.0, 3.34, 3.46, 8.5, 88.0, 5000.0, 24.0, 30.0, -1.0]	Result: 8921.0	kNN: 11796.666666666666
Parameters: [145.0, 95.9, 173.2, 66.3, 50.2, 2811.0, 156.0, 3.6, 3.9, 7.0, 145.0, 5000.0, 19.0, 24.0, 3.0]	Result: 12964.0	kNN: 13909.666666666666
Parameters: [137.0, 86.6, 144.6, 63.9, 50.8, 1713.0, 92.0, 2.91, 3.41, 9.6, 58.0, 4800.0, 49.0, 54.0, 2.0]	Result: 6479.0	kNN: 5546.0
Parameters: [137.0, 86.6, 144.6, 63.9, 50.8, 1819.0, 92.0, 2.91, 3.41, 9.2, 76.0, 6000.0, 31.0, 38.0, 2.0]	Result: 6855.0	kNN: 6984.333333333333
Parameters: [101.0, 93.7, 150.0, 64.0, 52.6, 1837.0, 79.0, 2.91, 3.07, 10.1, 60.0, 5500.0, 38.0, 42.0, 1.0]	Result: 5399.0	kNN: 5840.333333333333
Parameters: [101.0, 93.7, 150.0, 64.0, 52.6, 1940.0, 92.0, 2.91, 3.41, 9.2, 76.0, 6000.0, 30.0, 34.0, 1.0]	Result: 6529.0	kNN: 7239.666666666667
Parameters: [101.0, 93.7, 150.0, 64.0, 52.6, 1956.0, 92.0, 2.91, 3.41, 9.2, 76.0, 6000.0, 30.0, 34.0, 1.0]	Result: 7129.0	kNN: 7039.666666666667
Parameters: [110.0, 96.5, 163.4, 64.0, 54.5, 2010.0, 92.0, 2.91, 3.41, 9.2, 76.0, 6000.0, 30.0, 34.0, 0.0]	Result: 7295.0	kNN: 6984.333333333333
Parameters: [78.0, 96.5, 157.1, 63.9, 58.3, 2024.0, 92.0, 2.92, 3.41, 9.2, 76.0, 6000.0, 30.0, 34.0, 0.0]	Result: 7295.0	kNN: 6984.333333333333
Parameters: [106.0, 96.5, 167.5, 65.2, 53.3, 2236.0, 110.0, 3.15, 3.58, 9.0, 86.0, 5800.0, 27.0, 33.0, 0.0]	Result: 7895.0	kNN: 9411.666666666666
Parameters: [106.0, 96.5, 167.5, 65.2, 53.3, 2289.0, 110.0, 3.15, 3.58, 9.0, 86.0, 5800.0, 27.0, 33.0, 0.0]	Result: 9095.0	kNN: 9011.666666666666
Parameters: [85.0, 96.5, 175.4, 65.2, 54.1, 2304.0, 110.0, 3.15, 3.58, 9.0, 86.0, 5800.0, 27.0, 33.0, 0.0]	Result: 8845.0	kNN: 9095.0
Parameters: [85.0, 96.5, 175.4, 62.5, 54.1, 2372.0, 110.0, 3.15, 3.58, 9.0, 86.0, 5800.0, 27.0, 33.0, 0.0]	Result: 10295.0	kNN: 10295.0
Parameters: [85.0, 96.5, 175.4, 65.2, 54.1, 2465.0, 110.0, 3.15, 3.58, 9.0, 101.0, 5800.0, 24.0, 28.0, 0.0]	Result: 12945.0	kNN: 14550.0
Parameters: [107.0, 96.5, 169.1, 66.0, 51.0, 2293.0, 110.0, 3.15, 3.58, 9.1, 100.0, 5500.0, 25.0, 31.0, 1.0]	Result: 10345.0	kNN: 11301.333333333334
Parameters: [145.0, 113.0, 199.6, 69.6, 52.8, 4066.0, 258.0, 3.63, 4.17, 8.1, 176.0, 4750.0, 15.0, 19.0, 0.0]	Result: 32250.0	kNN: 31634.666666666668
Parameters: [104.0, 93.1, 159.1, 64.2, 54.1, 1890.0, 91.0, 3.03, 3.15, 9.0, 68.0, 5000.0, 30.0, 31.0, 1.0]	Result: 5195.0	kNN: 6528.333333333333
Parameters: [104.0, 93.1, 159.1, 64.2, 54.1, 1900.0, 91.0, 3.03, 3.15, 9.0, 68.0, 5000.0, 31.0, 38.0, 1.0]	Result: 6095.0	kNN: 6228.333333333333
Parameters: [104.0, 93.1, 159.1, 64.2, 54.1, 1905.0, 91.0, 3.03, 3.15, 9.0, 68.0, 5000.0, 31.0, 38.0, 1.0]	Result: 6795.0	kNN: 5995.0
Parameters: [113.0, 93.1, 166.8, 64.2, 54.1, 1945.0, 91.0, 3.03, 3.15, 9.0, 68.0, 5000.0, 31.0, 38.0, 1.0]	Result: 6695.0	kNN: 6761.666666666667
Parameters: [113.0, 93.1, 166.8, 64.2, 54.1, 1950.0, 91.0, 3.08, 3.15, 9.0, 68.0, 5000.0, 31.0, 38.0, 1.0]	Result: 7395.0	kNN: 6528.333333333333
Parameters: [129.0, 98.8, 177.8, 66.5, 53.7, 2385.0, 122.0, 3.39, 3.39, 8.6, 84.0, 4800.0, 26.0, 32.0, 1.0]	Result: 8845.0	kNN: 9778.333333333334
Parameters: [115.0, 98.8, 177.8, 66.5, 55.5, 2410.0, 122.0, 3.39, 3.39, 8.6, 84.0, 4800.0, 26.0, 32.0, 0.0]	Result: 8495.0	kNN: 10695.0
Parameters: [129.0, 98.8, 177.8, 66.5, 53.7, 2385.0, 122.0, 3.39, 3.39, 8.6, 84.0, 4800.0, 26.0, 32.0, 1.0]	Result: 10595.0	kNN: 9195.0
Parameters: [115.0, 98.8, 177.8, 66.5, 55.5, 2410.0, 122.0, 3.39, 3.39, 8.6, 84.0, 4800.0, 26.0, 32.0, 0.0]	Result: 10245.0	kNN: 10111.666666666666
Parameters: [115.0, 98.8, 177.8, 66.5, 55.5, 2425.0, 122.0, 3.39, 3.39, 8.6, 84.0, 4800.0, 26.0, 32.0, 0.0]	Result: 11245.0	kNN: 8917.666666666666
Parameters: [118.0, 104.9, 175.0, 66.1, 54.4, 2670.0, 140.0, 3.76, 3.16, 8.0, 120.0, 5000.0, 19.0, 27.0, 0.0]	Result: 18280.0	kNN: 10268.666666666666
Parameters: [93.0, 110.0, 190.9, 70.3, 56.5, 3515.0, 183.0, 3.58, 3.64, 21.5, 123.0, 4350.0, 22.0, 25.0, -1.0]	Result: 25552.0	kNN: 29341.333333333332
Parameters: [93.0, 110.0, 190.9, 70.3, 58.7, 3750.0, 183.0, 3.58, 3.64, 21.5, 123.0, 4350.0, 22.0, 25.0, -1.0]	Result: 28248.0	kNN: 28442.666666666668
Parameters: [93.0, 106.7, 187.5, 70.3, 54.9, 3495.0, 183.0, 3.58, 3.64, 21.5, 123.0, 4350.0, 22.0, 25.0, 0.0]	Result: 28176.0	kNN: 28466.666666666668
Parameters: [93.0, 115.6, 202.6, 71.7, 56.3, 3770.0, 183.0, 3.58, 3.64, 21.5, 123.0, 4350.0, 22.0, 25.0, -1.0]	Result: 31600.0	kNN: 27325.333333333332
Parameters: [142.0, 96.6, 180.3, 70.5, 50.8, 3685.0, 234.0, 3.46, 3.1, 8.3, 155.0, 4750.0, 16.0, 18.0, 3.0]	Result: 35056.0	kNN: 30699.333333333332
Parameters: [161.0, 93.7, 157.3, 64.4, 50.8, 1918.0, 92.0, 2.97, 3.23, 9.4, 68.0, 5500.0, 37.0, 41.0, 2.0]	Result: 5389.0	kNN: 5996.666666666667
Parameters: [161.0, 93.7, 157.3, 64.4, 50.8, 1944.0, 92.0, 2.97, 3.23, 9.4, 68.0, 5500.0, 31.0, 38.0, 2.0]	Result: 6189.0	kNN: 5949.0
Parameters: [161.0, 93.7, 157.3, 64.4, 50.8, 2004.0, 92.0, 2.97, 3.23, 9.4, 68.0, 5500.0, 31.0, 38.0, 2.0]	Result: 6669.0	kNN: 6997.666666666667
Parameters: [161.0, 93.0, 157.3, 63.8, 50.8, 2145.0, 98.0, 3.03, 3.39, 7.6, 102.0, 5500.0, 24.0, 30.0, 1.0]	Result: 7689.0	kNN: 7841.0
Parameters: [153.0, 96.3, 173.0, 65.4, 49.4, 2370.0, 110.0, 3.17, 3.46, 7.5, 116.0, 5500.0, 23.0, 30.0, 3.0]	Result: 9959.0	kNN: 10836.0
Parameters: [153.0, 96.3, 173.0, 65.4, 49.4, 2328.0, 122.0, 3.35, 3.46, 8.5, 88.0, 5000.0, 25.0, 32.0, 3.0]	Result: 8499.0	kNN: 8042.333333333333
Parameters: [125.0, 96.3, 172.4, 65.4, 51.6, 2365.0, 122.0, 3.35, 3.46, 8.5, 88.0, 5000.0, 25.0, 32.0, 1.0]	Result: 6989.0	kNN: 8536.333333333334
Parameters: [125.0, 96.3, 172.4, 65.4, 51.6, 2405.0, 122.0, 3.35, 3.46, 8.5, 88.0, 5000.0, 25.0, 32.0, 1.0]	Result: 8189.0	kNN: 8136.333333333333
Parameters: [125.0, 96.3, 172.4, 65.4, 51.6, 2403.0, 110.0, 3.17, 3.46, 7.5, 116.0, 5500.0, 23.0, 30.0, 1.0]	Result: 9279.0	kNN: 11062.666666666666
Parameters: [137.0, 96.3, 172.4, 65.4, 51.6, 2403.0, 110.0, 3.17, 3.46, 7.5, 116.0, 5500.0, 23.0, 30.0, -1.0]	Result: 9279.0	kNN: 11062.666666666666
Parameters: [128.0, 94.5, 165.3, 63.8, 54.5, 1889.0, 97.0, 3.15, 3.29, 9.4, 69.0, 5200.0, 31.0, 37.0, 1.0]	Result: 5499.0	kNN: 6932.333333333333
Parameters: [128.0, 94.5, 165.3, 63.8, 54.5, 2017.0, 103.0, 2.99, 3.47, 21.9, 55.0, 4800.0, 45.0, 50.0, 1.0]	Result: 7099.0	kNN: 6058.0
Parameters: [128.0, 94.5, 165.3, 63.8, 54.5, 1918.0, 97.0, 3.15, 3.29, 9.4, 69.0, 5200.0, 31.0, 37.0, 1.0]	Result: 6649.0	kNN: 6549.0
Parameters: [122.0, 94.5, 165.3, 63.8, 54.5, 1938.0, 97.0, 3.15, 3.29, 9.4, 69.0, 5200.0, 31.0, 37.0, 1.0]	Result: 6849.0	kNN: 7149.0
Parameters: [103.0, 94.5, 170.2, 63.8, 53.5, 2024.0, 97.0, 3.15, 3.29, 9.4, 69.0, 5200.0, 31.0, 37.0, 1.0]	Result: 7349.0	kNN: 7765.666666666667
Parameters: [128.0, 94.5, 165.3, 63.8, 54.5, 1951.0, 97.0, 3.15, 3.29, 9.4, 69.0, 5200.0, 31.0, 37.0, 1.0]	Result: 7299.0	kNN: 6999.0
Parameters: [128.0, 94.5, 165.6, 63.8, 53.3, 2028.0, 97.0, 3.15, 3.29, 9.4, 69.0, 5200.0, 31.0, 37.0, 1.0]	Result: 7799.0	kNN: 7865.666666666667
Parameters: [122.0, 94.5, 165.3, 63.8, 54.5, 1971.0, 97.0, 3.15, 3.29, 9.4, 69.0, 5200.0, 31.0, 37.0, 1.0]	Result: 7499.0	kNN: 6932.333333333333
Parameters: [103.0, 94.5, 170.2, 63.8, 53.5, 2037.0, 97.0, 3.15, 3.29, 9.4, 69.0, 5200.0, 31.0, 37.0, 1.0]	Result: 7999.0	kNN: 7549.0
Parameters: [168.0, 95.1, 162.4, 63.8, 53.3, 2008.0, 97.0, 3.15, 3.29, 9.4, 69.0, 5200.0, 31.0, 37.0, 2.0]	Result: 8249.0	kNN: 7549.0
Parameters: [106.0, 97.2, 173.4, 65.2, 54.7, 2324.0, 120.0, 3.33, 3.47, 8.5, 97.0, 5200.0, 27.0, 34.0, 0.0]	Result: 8949.0	kNN: 9334.666666666666
Parameters: [106.0, 97.2, 173.4, 65.2, 54.7, 2302.0, 120.0, 3.33, 3.47, 8.5, 97.0, 5200.0, 27.0, 34.0, 0.0]	Result: 9549.0	kNN: 9134.666666666666
Parameters: [128.0, 100.4, 181.7, 66.5, 55.1, 3095.0, 181.0, 3.43, 3.27, 9.0, 152.0, 5200.0, 17.0, 22.0, 0.0]	Result: 13499.0	kNN: 15462.666666666666
Parameters: [108.0, 100.4, 184.6, 66.5, 56.1, 3296.0, 181.0, 3.43, 3.27, 9.0, 152.0, 5200.0, 17.0, 22.0, 0.0]	Result: 14399.0	kNN: 18113.0
Parameters: [108.0, 100.4, 184.6, 66.5, 55.1, 3060.0, 181.0, 3.43, 3.27, 9.0, 152.0, 5200.0, 19.0, 25.0, 0.0]	Result: 13499.0	kNN: 15462.666666666666
Parameters: [194.0, 91.3, 170.7, 67.9, 49.7, 3071.0, 181.0, 3.43, 3.27, 9.0, 160.0, 5200.0, 19.0, 25.0, 3.0]	Result: 17199.0	kNN: 15965.333333333334
Parameters: [194.0, 91.3, 170.7, 67.9, 49.7, 3139.0, 181.0, 3.43, 3.27, 7.8, 200.0, 5200.0, 17.0, 23.0, 3.0]	Result: 19699.0	kNN: 16365.666666666666
Parameters: [231.0, 99.2, 178.5, 67.9, 49.7, 3139.0, 181.0, 3.43, 3.27, 9.0, 160.0, 5200.0, 19.0, 25.0, 1.0]	Result: 18399.0	kNN: 16799.0
Parameters: [161.0, 107.9, 186.7, 68.4, 56.7, 3020.0, 120.0, 3.46, 3.19, 8.4, 97.0, 5000.0, 19.0, 24.0, 0.0]	Result: 11900.0	kNN: 16876.666666666668
Parameters: [161.0, 107.9, 186.7, 68.4, 56.7, 3197.0, 152.0, 3.7, 3.52, 21.0, 95.0, 4150.0, 28.0, 33.0, 0.0]	Result: 13200.0	kNN: 21008.666666666668
Parameters: [161.0, 107.9, 186.7, 68.4, 56.7, 3075.0, 120.0, 3.46, 2.19, 8.4, 95.0, 5000.0, 19.0, 24.0, 0.0]	Result: 15580.0	kNN: 15650.0
Parameters: [161.0, 107.9, 186.7, 68.4, 56.7, 3252.0, 152.0, 3.7, 3.52, 21.0, 95.0, 4150.0, 28.0, 33.0, 0.0]	Result: 16900.0	kNN: 19775.333333333332
Parameters: [161.0, 107.9, 186.7, 68.4, 56.7, 3075.0, 120.0, 3.46, 3.19, 8.4, 97.0, 5000.0, 19.0, 24.0, 0.0]	Result: 16630.0	kNN: 15300.0
Parameters: [161.0, 107.9, 186.7, 68.4, 56.7, 3252.0, 152.0, 3.7, 3.52, 21.0, 95.0, 4150.0, 28.0, 33.0, 0.0]	Result: 17950.0	kNN: 19425.333333333332
Parameters: [161.0, 108.0, 186.7, 68.3, 56.0, 3130.0, 134.0, 3.61, 3.21, 7.0, 142.0, 5600.0, 18.0, 24.0, 0.0]	Result: 18150.0	kNN: 22661.666666666668
Parameters: [119.0, 93.7, 157.3, 63.8, 50.8, 1918.0, 90.0, 2.97, 3.23, 9.4, 68.0, 5500.0, 37.0, 41.0, 1.0]	Result: 5572.0	kNN: 5779.333333333333
Parameters: [119.0, 93.7, 157.3, 63.8, 50.8, 2128.0, 98.0, 3.03, 3.39, 7.6, 102.0, 5500.0, 24.0, 30.0, 1.0]	Result: 7957.0	kNN: 7751.666666666667
Parameters: [154.0, 93.7, 157.3, 63.8, 50.6, 1967.0, 90.0, 2.97, 3.23, 9.4, 68.0, 5500.0, 31.0, 38.0, 1.0]	Result: 6229.0	kNN: 6843.333333333333
Parameters: [154.0, 93.7, 167.3, 63.8, 50.8, 1989.0, 90.0, 2.97, 3.23, 9.4, 68.0, 5500.0, 31.0, 38.0, 1.0]	Result: 6692.0	kNN: 6990.0
Parameters: [154.0, 93.7, 167.3, 63.8, 50.8, 2191.0, 98.0, 2.97, 3.23, 9.4, 68.0, 5500.0, 31.0, 38.0, 1.0]	Result: 7609.0	kNN: 7867.666666666667
Parameters: [74.0, 103.3, 174.6, 64.6, 59.8, 2535.0, 122.0, 3.35, 3.46, 8.5, 88.0, 5000.0, 24.0, 30.0, -1.0]	Result: 8921.0	kNN: 11796.666666666666
Parameters: [186.0, 94.5, 168.9, 68.3, 50.2, 2778.0, 151.0, 3.94, 3.11, 9.5, 143.0, 5500.0, 19.0, 27.0, 3.0]	Result: 22018.0	kNN: 17770.0
Parameters: [150.0, 99.1, 186.6, 66.5, 56.1, 2658.0, 121.0, 3.54, 3.07, 9.31, 110.0, 5250.0, 21.0, 28.0, 3.0]	Result: 11850.0	kNN: 14240.0
Parameters: [104.0, 99.1, 186.6, 66.5, 56.1, 2695.0, 121.0, 3.54, 3.07, 9.3, 110.0, 5250.0, 21.0, 28.0, 2.0]	Result: 12170.0	kNN: 14133.333333333334
Parameters: [150.0, 99.1, 186.6, 66.5, 56.1, 2707.0, 121.0, 2.54, 2.07, 9.3, 110.0, 5250.0, 21.0, 28.0, 3.0]	Result: 15040.0	kNN: 13176.666666666666
Parameters: [104.0, 99.1, 186.6, 66.5, 56.1, 2758.0, 121.0, 3.54, 3.07, 9.3, 110.0, 5250.0, 21.0, 28.0, 2.0]	Result: 15510.0	kNN: 13020.0
Parameters: [150.0, 99.1, 186.6, 66.5, 56.1, 2808.0, 121.0, 3.54, 3.07, 9.0, 160.0, 5500.0, 19.0, 26.0, 3.0]	Result: 18150.0	kNN: 19362.666666666668
Parameters: [104.0, 99.1, 186.6, 66.5, 56.1, 2847.0, 121.0, 3.54, 3.07, 9.0, 160.0, 5500.0, 19.0, 26.0, 2.0]	Result: 18620.0	kNN: 17770.0
Parameters: [83.0, 93.7, 156.9, 63.4, 53.7, 2050.0, 97.0, 3.62, 2.36, 9.0, 69.0, 4900.0, 31.0, 36.0, 2.0]	Result: 5118.0	kNN: 6588.0
Parameters: [83.0, 93.7, 157.9, 63.6, 53.7, 2120.0, 108.0, 3.62, 2.64, 8.7, 73.0, 4400.0, 26.0, 31.0, 2.0]	Result: 7053.0	kNN: 7758.666666666667
Parameters: [83.0, 93.3, 157.3, 63.8, 55.7, 2240.0, 108.0, 3.62, 2.64, 8.7, 73.0, 4400.0, 26.0, 31.0, 2.0]	Result: 7603.0	kNN: 7820.333333333333
Parameters: [102.0, 97.2, 172.0, 65.4, 52.5, 2145.0, 108.0, 3.62, 2.64, 9.5, 82.0, 4800.0, 32.0, 37.0, 0.0]	Result: 7126.0	kNN: 8271.333333333334
Parameters: [102.0, 97.2, 172.0, 65.4, 52.5, 2190.0, 108.0, 3.62, 2.64, 9.5, 82.0, 4400.0, 28.0, 33.0, 0.0]	Result: 7775.0	kNN: 7518.0
Parameters: [102.0, 97.2, 172.0, 65.4, 52.5, 2340.0, 108.0, 3.62, 2.64, 9.0, 94.0, 5200.0, 26.0, 32.0, 0.0]	Result: 9960.0	kNN: 8997.666666666666
Parameters: [102.0, 97.0, 172.0, 65.4, 54.3, 2385.0, 108.0, 3.62, 2.64, 9.0, 82.0, 4800.0, 24.0, 25.0, 0.0]	Result: 9233.0	kNN: 9895.0
Parameters: [102.0, 97.0, 172.0, 65.4, 54.3, 2510.0, 108.0, 3.62, 2.64, 7.7, 111.0, 4800.0, 24.0, 29.0, 0.0]	Result: 11259.0	kNN: 9359.0
Parameters: [89.0, 97.0, 173.5, 65.4, 53.0, 2290.0, 108.0, 3.62, 2.64, 9.0, 82.0, 4800.0, 28.0, 32.0, 0.0]	Result: 7463.0	kNN: 7603.666666666667
Parameters: [89.0, 97.0, 173.5, 65.4, 53.0, 2455.0, 108.0, 3.62, 2.64, 9.0, 94.0, 5200.0, 25.0, 31.0, 0.0]	Result: 10198.0	kNN: 9486.0
Parameters: [85.0, 96.9, 173.6, 65.4, 54.9, 2420.0, 108.0, 3.62, 2.64, 9.0, 82.0, 4800.0, 23.0, 29.0, 0.0]	Result: 8013.0	kNN: 9995.0
Parameters: [85.0, 96.9, 173.6, 65.4, 54.9, 2650.0, 108.0, 3.62, 2.64, 7.7, 111.0, 4800.0, 23.0, 23.0, 0.0]	Result: 11694.0	kNN: 10912.333333333334
Parameters: [87.0, 95.7, 158.7, 63.6, 54.5, 1985.0, 92.0, 3.05, 3.03, 9.0, 62.0, 4800.0, 35.0, 39.0, 1.0]	Result: 5348.0	kNN: 6641.666666666667
Parameters: [87.0, 95.7, 158.7, 63.6, 54.5, 2040.0, 92.0, 3.05, 3.03, 9.0, 62.0, 4800.0, 31.0, 38.0, 1.0]	Result: 6338.0	kNN: 6841.666666666667
Parameters: [74.0, 95.7, 158.7, 63.6, 54.5, 2015.0, 92.0, 3.05, 3.03, 9.0, 62.0, 4800.0, 31.0, 38.0, 1.0]	Result: 6488.0	kNN: 6261.666666666667
Parameters: [77.0, 95.7, 169.7, 63.6, 59.1, 2280.0, 92.0, 3.05, 3.03, 9.0, 62.0, 4800.0, 31.0, 37.0, 0.0]	Result: 6918.0	kNN: 7785.333333333333
Parameters: [81.0, 95.7, 169.7, 63.6, 59.1, 2290.0, 92.0, 3.05, 3.03, 9.0, 62.0, 4800.0, 27.0, 32.0, 0.0]	Result: 7898.0	kNN: 7458.666666666667
Parameters: [91.0, 95.7, 169.7, 63.6, 59.1, 3110.0, 92.0, 3.05, 3.03, 9.0, 62.0, 4800.0, 27.0, 32.0, 0.0]	Result: 8778.0	kNN: 18573.0
Parameters: [91.0, 95.7, 166.3, 64.4, 53.0, 2081.0, 98.0, 3.19, 3.03, 9.0, 70.0, 4800.0, 30.0, 37.0, 0.0]	Result: 6938.0	kNN: 7764.666666666667
Parameters: [91.0, 95.7, 166.3, 64.4, 52.8, 2109.0, 98.0, 3.19, 3.03, 9.0, 70.0, 4800.0, 30.0, 37.0, 0.0]	Result: 7198.0	kNN: 7678.0
Parameters: [91.0, 95.7, 166.3, 64.4, 53.0, 2275.0, 110.0, 3.27, 3.35, 22.5, 56.0, 4500.0, 34.0, 36.0, 0.0]	Result: 7898.0	kNN: 8295.333333333334
Parameters: [91.0, 95.7, 166.3, 64.4, 52.8, 2275.0, 110.0, 3.27, 3.35, 22.5, 56.0, 4500.0, 38.0, 47.0, 0.0]	Result: 7788.0	kNN: 8332.0
Parameters: [91.0, 95.7, 166.3, 64.4, 53.0, 2094.0, 98.0, 3.19, 3.03, 9.0, 70.0, 4800.0, 38.0, 47.0, 0.0]	Result: 7738.0	kNN: 7498.0
Parameters: [91.0, 95.7, 166.3, 64.4, 52.8, 2122.0, 98.0, 3.19, 3.03, 9.0, 70.0, 4800.0, 28.0, 34.0, 0.0]	Result: 8358.0	kNN: 7860.666666666667
Parameters: [91.0, 95.7, 166.3, 64.4, 52.8, 2140.0, 98.0, 3.19, 3.03, 9.0, 70.0, 4800.0, 28.0, 34.0, 0.0]	Result: 9258.0	kNN: 7560.666666666667
Parameters: [168.0, 94.5, 168.7, 64.0, 52.6, 2169.0, 98.0, 3.19, 3.03, 9.0, 70.0, 4800.0, 29.0, 34.0, 1.0]	Result: 8058.0	kNN: 8207.333333333334
Parameters: [168.0, 94.5, 168.7, 64.0, 52.6, 2204.0, 98.0, 3.19, 3.03, 9.0, 70.0, 4800.0, 29.0, 34.0, 1.0]	Result: 8238.0	kNN: 7653.0
Parameters: [168.0, 94.5, 168.7, 64.0, 52.6, 2265.0, 98.0, 3.24, 3.08, 9.4, 112.0, 6600.0, 26.0, 29.0, 1.0]	Result: 9298.0	kNN: 8042.666666666667
Parameters: [168.0, 94.5, 168.7, 64.0, 52.6, 2300.0, 98.0, 3.24, 3.08, 9.4, 112.0, 6600.0, 26.0, 29.0, 1.0]	Result: 9538.0	kNN: 7962.666666666667
Parameters: [134.0, 98.4, 176.2, 65.6, 52.0, 2540.0, 146.0, 3.62, 3.5, 9.3, 116.0, 4800.0, 24.0, 30.0, 2.0]	Result: 8449.0	kNN: 10295.666666666666
Parameters: [134.0, 98.4, 176.2, 65.6, 52.0, 2536.0, 146.0, 3.62, 3.5, 9.3, 116.0, 4800.0, 24.0, 30.0, 2.0]	Result: 9639.0	kNN: 9899.0
Parameters: [134.0, 98.4, 176.2, 65.6, 52.0, 2551.0, 146.0, 3.62, 3.5, 9.3, 116.0, 4800.0, 24.0, 30.0, 2.0]	Result: 9989.0	kNN: 9782.333333333334
Parameters: [134.0, 98.4, 176.2, 65.6, 52.0, 2679.0, 146.0, 3.62, 3.5, 9.3, 116.0, 4800.0, 24.0, 30.0, 2.0]	Result: 11199.0	kNN: 11077.333333333334
Parameters: [134.0, 98.4, 176.2, 65.6, 52.0, 2714.0, 146.0, 3.62, 3.5, 9.3, 116.0, 4800.0, 24.0, 30.0, 2.0]	Result: 11549.0	kNN: 10960.666666666666
Parameters: [134.0, 98.4, 176.2, 65.6, 53.0, 2975.0, 146.0, 3.62, 3.5, 9.3, 116.0, 4800.0, 24.0, 30.0, 2.0]	Result: 17669.0	kNN: 12436.0
Parameters: [65.0, 102.4, 175.6, 66.5, 54.9, 2326.0, 122.0, 3.31, 3.54, 8.7, 92.0, 4200.0, 29.0, 34.0, -1.0]	Result: 8948.0	kNN: 10711.333333333334
Parameters: [65.0, 102.4, 175.6, 66.5, 54.9, 2480.0, 110.0, 3.27, 3.35, 22.5, 73.0, 4500.0, 30.0, 33.0, -1.0]	Result: 10698.0	kNN: 8393.666666666666
Parameters: [65.0, 102.4, 175.6, 66.5, 53.9, 2414.0, 122.0, 3.31, 3.54, 8.7, 92.0, 4200.0, 27.0, 32.0, -1.0]	Result: 9988.0	kNN: 10364.666666666666
Parameters: [65.0, 102.4, 175.6, 66.5, 54.9, 2414.0, 122.0, 3.31, 3.54, 8.7, 92.0, 4200.0, 27.0, 32.0, -1.0]	Result: 10898.0	kNN: 10061.333333333334
Parameters: [65.0, 102.4, 175.6, 66.5, 53.9, 2458.0, 122.0, 3.31, 3.54, 8.7, 92.0, 4200.0, 27.0, 32.0, -1.0]	Result: 11248.0	kNN: 9944.666666666666
Parameters: [197.0, 102.9, 183.5, 67.7, 52.0, 2976.0, 171.0, 3.27, 3.35, 9.3, 161.0, 5200.0, 20.0, 24.0, 3.0]	Result: 16558.0	kNN: 15565.333333333334
Parameters: [197.0, 102.9, 183.5, 67.7, 52.0, 3016.0, 171.0, 3.27, 3.35, 9.3, 161.0, 5200.0, 19.0, 24.0, 3.0]	Result: 15998.0	kNN: 15752.0
Parameters: [90.0, 104.5, 187.8, 66.5, 54.1, 3131.0, 171.0, 3.27, 3.35, 9.2, 156.0, 5200.0, 20.0, 24.0, -1.0]	Result: 15690.0	kNN: 15316.0
Parameters: [122.0, 97.3, 171.7, 65.5, 55.7, 2261.0, 97.0, 3.01, 3.4, 23.0, 52.0, 4800.0, 37.0, 46.0, 2.0]	Result: 7775.0	kNN: 7603.666666666667
Parameters: [122.0, 97.3, 171.7, 65.5, 55.7, 2209.0, 109.0, 3.19, 3.4, 9.0, 85.0, 5250.0, 27.0, 34.0, 2.0]	Result: 7975.0	kNN: 8746.333333333334
Parameters: [94.0, 97.3, 171.7, 65.5, 55.7, 2264.0, 97.0, 3.01, 3.4, 23.0, 52.0, 4800.0, 37.0, 46.0, 2.0]	Result: 7995.0	kNN: 7530.333333333333
Parameters: [94.0, 97.3, 171.7, 65.5, 55.7, 2212.0, 109.0, 3.19, 3.4, 9.0, 85.0, 5250.0, 27.0, 34.0, 2.0]	Result: 8195.0	kNN: 8673.0
Parameters: [94.0, 97.3, 171.7, 65.5, 55.7, 2275.0, 109.0, 3.19, 3.4, 9.0, 85.0, 5250.0, 27.0, 34.0, 2.0]	Result: 8495.0	kNN: 8573.0
Parameters: [94.0, 97.3, 171.7, 65.5, 55.7, 2319.0, 97.0, 3.01, 3.4, 23.0, 68.0, 4500.0, 37.0, 42.0, 2.0]	Result: 9495.0	kNN: 7763.0
Parameters: [94.0, 97.3, 171.7, 65.5, 55.7, 2300.0, 109.0, 3.19, 3.4, 10.0, 100.0, 5500.0, 26.0, 32.0, 2.0]	Result: 9995.0	kNN: 11418.0
Parameters: [256.0, 94.5, 165.7, 64.0, 51.4, 2221.0, 109.0, 3.19, 3.4, 8.5, 90.0, 5500.0, 24.0, 29.0, 3.0]	Result: 9980.0	kNN: 9749.333333333334
Parameters: [103.0, 104.3, 188.8, 67.2, 56.2, 2912.0, 141.0, 3.78, 3.15, 9.5, 114.0, 5400.0, 23.0, 28.0, -2.0]	Result: 12940.0	kNN: 15415.0
Parameters: [74.0, 104.3, 188.8, 67.2, 57.5, 3034.0, 141.0, 3.78, 3.15, 9.5, 114.0, 5400.0, 23.0, 28.0, -1.0]	Result: 13415.0	kNN: 18661.666666666668
Parameters: [103.0, 104.3, 188.8, 67.2, 56.2, 2935.0, 141.0, 3.78, 3.15, 9.5, 114.0, 5400.0, 24.0, 28.0, -2.0]	Result: 15985.0	kNN: 14400.0
Parameters: [74.0, 104.3, 188.8, 67.2, 57.5, 3042.0, 141.0, 3.78, 3.15, 9.5, 114.0, 5400.0, 24.0, 28.0, -1.0]	Result: 16515.0	kNN: 17628.333333333332
Parameters: [103.0, 104.3, 188.8, 67.2, 56.2, 3045.0, 130.0, 3.62, 3.15, 7.5, 162.0, 5100.0, 17.0, 22.0, -2.0]	Result: 18420.0	kNN: 15316.0
Parameters: [74.0, 104.3, 188.8, 67.2, 57.5, 3157.0, 130.0, 3.62, 3.15, 7.5, 162.0, 5100.0, 17.0, 22.0, -1.0]	Result: 18950.0	kNN: 15869.666666666666
Parameters: [95.0, 109.1, 188.8, 68.9, 55.5, 2952.0, 141.0, 3.78, 3.15, 9.5, 114.0, 5400.0, 23.0, 28.0, -1.0]	Result: 16845.0	kNN: 14113.333333333334
Parameters: [95.0, 109.1, 188.8, 68.8, 55.5, 3049.0, 141.0, 3.78, 3.15, 8.7, 160.0, 5300.0, 19.0, 25.0, -1.0]	Result: 19045.0	kNN: 17546.333333333332
Parameters: [95.0, 109.1, 188.8, 68.9, 55.5, 3012.0, 173.0, 3.58, 2.87, 8.8, 134.0, 5500.0, 18.0, 23.0, -1.0]	Result: 21485.0	kNN: 17935.0
Parameters: [95.0, 109.1, 188.8, 68.9, 55.5, 3217.0, 145.0, 3.01, 3.4, 23.0, 106.0, 4800.0, 26.0, 27.0, -1.0]	Result: 22470.0	kNN: 14359.0
Parameters: [95.0, 109.1, 188.8, 68.9, 55.5, 3062.0, 141.0, 3.78, 3.15, 9.5, 114.0, 5400.0, 19.0, 25.0, -1.0]	Result: 22625.0	kNN: 15591.666666666666
Mean Error: 1518.7735849056612 in 159 instances