Parameters: [164.0, 99.8, 176.6, 66.2, 54.3, 2337.0, 109.0, 3.19, 3.4, 10.0, 102.0, 5500.0, 24.0, 30.0, 2.0]	Result: 13950.0	wNN: 9880.693202176924
Parameters: [164.0, 99.4, 176.6, 66.4, 54.3, 2824.0, 136.0, 3.19, 3.4, 8.0, 115.0, 5500.0, 18.0, 22.0, 2.0]	Result: 17450.0	wNN: 19486.83306264902
Parameters: [158.0, 105.8, 192.7, 71.4, 55.7, 2844.0, 136.0, 3.19, 3.4, 8.5, 110.0, 5500.0, 19.0, 25.0, 1.0]	Result: 17710.0	wNN: 18086.1195130948
Parameters: [158.0, 105.8, 192.7, 71.4, 55.9, 3086.0, 131.0, 3.13, 3.4, 8.3, 140.0, 5500.0, 17.0, 20.0, 1.0]	Result: 23875.0	wNN: 20927.053485383876
Parameters: [192.0, 101.2, 176.8, 64.8, 54.3, 2395.0, 108.0, 3.5, 2.8, 8.8, 101.0, 5800.0, 23.0, 29.0, 2.0]	Result: 16430.0	wNN: 13942.877505290675
Parameters: [192.0, 101.2, 176.8, 64.8, 54.3, 2395.0, 108.0, 3.5, 2.8, 8.8, 101.0, 5800.0, 23.0, 29.0, 0.0]	Result: 16925.0	wNN: 13700.65414671036
Parameters: [188.0, 101.2, 176.8, 64.8, 54.3, 2710.0, 164.0, 3.31, 3.19, 9.0, 121.0, 4250.0, 21.0, 28.0, 0.0]	Result: 20970.0	wNN: 15864.02477504074
Parameters: [188.0, 101.2, 176.8, 64.8, 54.3, 2765.0, 164.0, 3.31, 3.19, 9.0, 121.0, 4250.0, 21.0, 28.0, 0.0]	Result: 21105.0	wNN: 15780.18641899256
Parameters: [121.0, 88.4, 141.1, 60.3, 53.2, 1488.0, 61.0, 2.91, 3.03, 9.5, 48.0, 5100.0, 47.0, 53.0, 2.0]	Result: 5151.0	wNN: 5776.769754847726
Parameters: [98.0, 94.5, 155.9, 63.6, 52.0, 1874.0, 90.0, 3.03, 3.11, 9.6, 70.0, 5400.0, 38.0, 43.0, 1.0]	Result: 6295.0	wNN: 6205.135931764198
Parameters: [81.0, 94.5, 158.8, 63.6, 52.0, 1909.0, 90.0, 3.03, 3.11, 9.6, 70.0, 5400.0, 38.0, 43.0, 0.0]	Result: 6575.0	wNN: 5832.983141235162
Parameters: [118.0, 93.7, 157.3, 63.8, 50.8, 1876.0, 90.0, 2.97, 3.23, 9.41, 68.0, 5500.0, 37.0, 41.0, 1.0]	Result: 5572.0	wNN: 5814.071593267235
Parameters: [118.0, 93.7, 157.3, 63.8, 50.8, 1876.0, 90.0, 2.97, 3.23, 9.4, 68.0, 5500.0, 31.0, 38.0, 1.0]	Result: 6377.0	wNN: 5515.539442664571
Parameters: [118.0, 93.7, 157.3, 63.8, 50.8, 2128.0, 98.0, 3.03, 3.39, 7.6, 102.0, 5500.0, 24.0, 30.0, 1.0]	Result: 7957.0	wNN: 7754.523801333046
Parameters: [148.0, 93.7, 157.3, 63.8, 50.6, 1967.0, 90.0, 2.97, 3.23, 9.4, 68.0, 5500.0, 31.0, 38.0, 1.0]	Result: 6229.0	wNN: 6891.387530443253
Parameters: [148.0, 93.7, 157.3, 63.8, 50.6, 1989.0, 90.0, 2.97, 3.23, 9.4, 68.0, 5500.0, 31.0, 38.0, 1.0]	Result: 6692.0	wNN: 7017.42041010968
Parameters: [148.0, 93.7, 157.3, 63.8, 50.6, 1989.0, 90.0, 2.97, 3.23, 9.4, 68.0, 5500.0, 31.0, 38.0, 1.0]	Result: 7609.0	wNN: 6684.3509200618355
Parameters: [110.0, 103.3, 174.6, 64.6, 59.8, 2535.0, 122.0, 3.34, 3.46, 8.5, 88.0, 5000.0, 24.0, 30.0, -1.0]	Result: 8921.0	wNN: 13585.825430912688
Parameters: [145.0, 95.9, 173.2, 66.3, 50.2, 2811.0, 156.0, 3.6, 3.9, 7.0, 145.0, 5000.0, 19.0, 24.0, 3.0]	Result: 12964.0	wNN: 14597.709051259317
Parameters: [137.0, 86.6, 144.6, 63.9, 50.8, 1713.0, 92.0, 2.91, 3.41, 9.6, 58.0, 4800.0, 49.0, 54.0, 2.0]	Result: 6479.0	wNN: 5573.876307248467
Parameters: [137.0, 86.6, 144.6, 63.9, 50.8, 1819.0, 92.0, 2.91, 3.41, 9.2, 76.0, 6000.0, 31.0, 38.0, 2.0]	Result: 6855.0	wNN: 6999.833293561781
Parameters: [101.0, 93.7, 150.0, 64.0, 52.6, 1837.0, 79.0, 2.91, 3.07, 10.1, 60.0, 5500.0, 38.0, 42.0, 1.0]	Result: 5399.0	wNN: 5864.990411506193
Parameters: [101.0, 93.7, 150.0, 64.0, 52.6, 1940.0, 92.0, 2.91, 3.41, 9.2, 76.0, 6000.0, 30.0, 34.0, 1.0]	Result: 6529.0	wNN: 7240.512500575533
Parameters: [101.0, 93.7, 150.0, 64.0, 52.6, 1956.0, 92.0, 2.91, 3.41, 9.2, 76.0, 6000.0, 30.0, 34.0, 1.0]	Result: 7129.0	wNN: 7058.18888204934
Parameters: [110.0, 96.5, 163.4, 64.0, 54.5, 2010.0, 92.0, 2.91, 3.41, 9.2, 76.0, 6000.0, 30.0, 34.0, 0.0]	Result: 7295.0	wNN: 6999.833293561782
Parameters: [78.0, 96.5, 157.1, 63.9, 58.3, 2024.0, 92.0, 2.92, 3.41, 9.2, 76.0, 6000.0, 30.0, 34.0, 0.0]	Result: 7295.0	wNN: 6999.833293561782
Parameters: [106.0, 96.5, 167.5, 65.2, 53.3, 2236.0, 110.0, 3.15, 3.58, 9.0, 86.0, 5800.0, 27.0, 33.0, 0.0]	Result: 7895.0	wNN: 9454.226137772268
Parameters: [106.0, 96.5, 167.5, 65.2, 53.3, 2289.0, 110.0, 3.15, 3.58, 9.0, 86.0, 5800.0, 27.0, 33.0, 0.0]	Result: 9095.0	wNN: 9119.73645274644
Parameters: [85.0, 96.5, 175.4, 65.2, 54.1, 2304.0, 110.0, 3.15, 3.58, 9.0, 86.0, 5800.0, 27.0, 33.0, 0.0]	Result: 8845.0	wNN: 9200.55250137438
Parameters: [85.0, 96.5, 175.4, 62.5, 54.1, 2372.0, 110.0, 3.15, 3.58, 9.0, 86.0, 5800.0, 27.0, 33.0, 0.0]	Result: 10295.0	wNN: 10637.075441152663
Parameters: [85.0, 96.5, 175.4, 65.2, 54.1, 2465.0, 110.0, 3.15, 3.58, 9.0, 101.0, 5800.0, 24.0, 28.0, 0.0]	Result: 12945.0	wNN: 15174.972508591065
Parameters: [107.0, 96.5, 169.1, 66.0, 51.0, 2293.0, 110.0, 3.15, 3.58, 9.1, 100.0, 5500.0, 25.0, 31.0, 1.0]	Result: 10345.0	wNN: 11611.733305804624
Parameters: [145.0, 113.0, 199.6, 69.6, 52.8, 4066.0, 258.0, 3.63, 4.17, 8.1, 176.0, 4750.0, 15.0, 19.0, 0.0]	Result: 32250.0	wNN: 31878.873809323108
Parameters: [104.0, 93.1, 159.1, 64.2, 54.1, 1890.0, 91.0, 3.03, 3.15, 9.0, 68.0, 5000.0, 30.0, 31.0, 1.0]	Result: 5195.0	wNN: 6542.970385499106
Parameters: [104.0, 93.1, 159.1, 64.2, 54.1, 1900.0, 91.0, 3.03, 3.15, 9.0, 68.0, 5000.0, 31.0, 38.0, 1.0]	Result: 6095.0	wNN: 6314.320310409419
Parameters: [104.0, 93.1, 159.1, 64.2, 54.1, 1905.0, 91.0, 3.03, 3.15, 9.0, 68.0, 5000.0, 31.0, 38.0, 1.0]	Result: 6795.0	wNN: 6058.386155129274
Parameters: [113.0, 93.1, 166.8, 64.2, 54.1, 1945.0, 91.0, 3.03, 3.15, 9.0, 68.0, 5000.0, 31.0, 38.0, 1.0]	Result: 6695.0	wNN: 6803.40522553611
Parameters: [113.0, 93.1, 166.8, 64.2, 54.1, 1950.0, 91.0, 3.08, 3.15, 9.0, 68.0, 5000.0, 31.0, 38.0, 1.0]	Result: 7395.0	wNN: 6542.970385499107
Parameters: [129.0, 98.8, 177.8, 66.5, 53.7, 2385.0, 122.0, 3.39, 3.39, 8.6, 84.0, 4800.0, 26.0, 32.0, 1.0]	Result: 8845.0	wNN: 9864.635247997274
Parameters: [115.0, 98.8, 177.8, 66.5, 55.5, 2410.0, 122.0, 3.39, 3.39, 8.6, 84.0, 4800.0, 26.0, 32.0, 0.0]	Result: 8495.0	wNN: 10711.051114227832
Parameters: [129.0, 98.8, 177.8, 66.5, 53.7, 2385.0, 122.0, 3.39, 3.39, 8.6, 84.0, 4800.0, 26.0, 32.0, 1.0]	Result: 10595.0	wNN: 9257.171470001813
Parameters: [115.0, 98.8, 177.8, 66.5, 55.5, 2410.0, 122.0, 3.39, 3.39, 8.6, 84.0, 4800.0, 26.0, 32.0, 0.0]	Result: 10245.0	wNN: 10247.867974287128
Parameters: [115.0, 98.8, 177.8, 66.5, 55.5, 2425.0, 122.0, 3.39, 3.39, 8.6, 84.0, 4800.0, 26.0, 32.0, 0.0]	Result: 11245.0	wNN: 9020.79090195492
Parameters: [118.0, 104.9, 175.0, 66.1, 54.4, 2670.0, 140.0, 3.76, 3.16, 8.0, 120.0, 5000.0, 19.0, 27.0, 0.0]	Result: 18280.0	wNN: 10622.404012205416
Parameters: [93.0, 110.0, 190.9, 70.3, 56.5, 3515.0, 183.0, 3.58, 3.64, 21.5, 123.0, 4350.0, 22.0, 25.0, -1.0]	Result: 25552.0	wNN: 29428.29773698082
Parameters: [93.0, 110.0, 190.9, 70.3, 58.7, 3750.0, 183.0, 3.58, 3.64, 21.5, 123.0, 4350.0, 22.0, 25.0, -1.0]	Result: 28248.0	wNN: 28658.256141008813
Parameters: [93.0, 106.7, 187.5, 70.3, 54.9, 3495.0, 183.0, 3.58, 3.64, 21.5, 123.0, 4350.0, 22.0, 25.0, 0.0]	Result: 28176.0	wNN: 28681.66519906323
Parameters: [93.0, 115.6, 202.6, 71.7, 56.3, 3770.0, 183.0, 3.58, 3.64, 21.5, 123.0, 4350.0, 22.0, 25.0, -1.0]	Result: 31600.0	wNN: 27382.906997169906
Parameters: [142.0, 96.6, 180.3, 70.5, 50.8, 3685.0, 234.0, 3.46, 3.1, 8.3, 155.0, 4750.0, 16.0, 18.0, 3.0]	Result: 35056.0	wNN: 30799.496232274316
Parameters: [161.0, 93.7, 157.3, 64.4, 50.8, 1918.0, 92.0, 2.97, 3.23, 9.4, 68.0, 5500.0, 37.0, 41.0, 2.0]	Result: 5389.0	wNN: 6011.747971095053
Parameters: [161.0, 93.7, 157.3, 64.4, 50.8, 1944.0, 92.0, 2.97, 3.23, 9.4, 68.0, 5500.0, 31.0, 38.0, 2.0]	Result: 6189.0	wNN: 5975.35737098672
Parameters: [161.0, 93.7, 157.3, 64.4, 50.8, 2004.0, 92.0, 2.97, 3.23, 9.4, 68.0, 5500.0, 31.0, 38.0, 2.0]	Result: 6669.0	wNN: 7024.37045681894
Parameters: [161.0, 93.0, 157.3, 63.8, 50.8, 2145.0, 98.0, 3.03, 3.39, 7.6, 102.0, 5500.0, 24.0, 30.0, 1.0]	Result: 7689.0	wNN: 7844.432215278663
Parameters: [153.0, 96.3, 173.0, 65.4, 49.4, 2370.0, 110.0, 3.17, 3.46, 7.5, 116.0, 5500.0, 23.0, 30.0, 3.0]	Result: 9959.0	wNN: 11283.443521594685
Parameters: [153.0, 96.3, 173.0, 65.4, 49.4, 2328.0, 122.0, 3.35, 3.46, 8.5, 88.0, 5000.0, 25.0, 32.0, 3.0]	Result: 8499.0	wNN: 8123.282753761346
Parameters: [125.0, 96.3, 172.4, 65.4, 51.6, 2365.0, 122.0, 3.35, 3.46, 8.5, 88.0, 5000.0, 25.0, 32.0, 1.0]	Result: 6989.0	wNN: 8546.876605880745
Parameters: [125.0, 96.3, 172.4, 65.4, 51.6, 2405.0, 122.0, 3.35, 3.46, 8.5, 88.0, 5000.0, 25.0, 32.0, 1.0]	Result: 8189.0	wNN: 8220.876029333444
Parameters: [125.0, 96.3, 172.4, 65.4, 51.6, 2403.0, 110.0, 3.17, 3.46, 7.5, 116.0, 5500.0, 23.0, 30.0, 1.0]	Result: 9279.0	wNN: 11446.42708207786
Parameters: [137.0, 96.3, 172.4, 65.4, 51.6, 2403.0, 110.0, 3.17, 3.46, 7.5, 116.0, 5500.0, 23.0, 30.0, -1.0]	Result: 9279.0	wNN: 11446.42708207786
Parameters: [128.0, 94.5, 165.3, 63.8, 54.5, 1889.0, 97.0, 3.15, 3.29, 9.4, 69.0, 5200.0, 31.0, 37.0, 1.0]	Result: 5499.0	wNN: 6942.991921911815
Parameters: [128.0, 94.5, 165.3, 63.8, 54.5, 2017.0, 103.0, 2.99, 3.47, 21.9, 55.0, 4800.0, 45.0, 50.0, 1.0]	Result: 7099.0	wNN: 6100.225156817431
Parameters: [128.0, 94.5, 165.3, 63.8, 54.5, 1918.0, 97.0, 3.15, 3.29, 9.4, 69.0, 5200.0, 31.0, 37.0, 1.0]	Result: 6649.0	wNN: 6638.326614750344
Parameters: [122.0, 94.5, 165.3, 63.8, 54.5, 1938.0, 97.0, 3.15, 3.29, 9.4, 69.0, 5200.0, 31.0, 37.0, 1.0]	Result: 6849.0	wNN: 7167.4174942882455
Parameters: [103.0, 94.5, 170.2, 63.8, 53.5, 2024.0, 97.0, 3.15, 3.29, 9.4, 69.0, 5200.0, 31.0, 37.0, 1.0]	Result: 7349.0	wNN: 7771.1037043396145
Parameters: [128.0, 94.5, 165.3, 63.8, 54.5, 1951.0, 97.0, 3.15, 3.29, 9.4, 69.0, 5200.0, 31.0, 37.0, 1.0]	Result: 7299.0	wNN: 7017.812211268277
Parameters: [128.0, 94.5, 165.6, 63.8, 53.3, 2028.0, 97.0, 3.15, 3.29, 9.4, 69.0, 5200.0, 31.0, 37.0, 1.0]	Result: 7799.0	wNN: 7883.959952536339
Parameters: [122.0, 94.5, 165.3, 63.8, 54.5, 1971.0, 97.0, 3.15, 3.29, 9.4, 69.0, 5200.0, 31.0, 37.0, 1.0]	Result: 7499.0	wNN: 6942.991921911814
Parameters: [103.0, 94.5, 170.2, 63.8, 53.5, 2037.0, 97.0, 3.15, 3.29, 9.4, 69.0, 5200.0, 31.0, 37.0, 1.0]	Result: 7999.0	wNN: 7553.636375678899
Parameters: [168.0, 95.1, 162.4, 63.8, 53.3, 2008.0, 97.0, 3.15, 3.29, 9.4, 69.0, 5200.0, 31.0, 37.0, 2.0]	Result: 8249.0	wNN: 7553.636375678898
Parameters: [106.0, 97.2, 173.4, 65.2, 54.7, 2324.0, 120.0, 3.33, 3.47, 8.5, 97.0, 5200.0, 27.0, 34.0, 0.0]	Result: 8949.0	wNN: 9375.447293243822
Parameters: [106.0, 97.2, 173.4, 65.2, 54.7, 2302.0, 120.0, 3.33, 3.47, 8.5, 97.0, 5200.0, 27.0, 34.0, 0.0]	Result: 9549.0	wNN: 9175.712523719165
Parameters: [128.0, 100.4, 181.7, 66.5, 55.1, 3095.0, 181.0, 3.43, 3.27, 9.0, 152.0, 5200.0, 17.0, 22.0, 0.0]	Result: 13499.0	wNN: 15611.89751659912
Parameters: [108.0, 100.4, 184.6, 66.5, 56.1, 3296.0, 181.0, 3.43, 3.27, 9.0, 152.0, 5200.0, 17.0, 22.0, 0.0]	Result: 14399.0	wNN: 18280.226007103556
Parameters: [108.0, 100.4, 184.6, 66.5, 55.1, 3060.0, 181.0, 3.43, 3.27, 9.0, 152.0, 5200.0, 19.0, 25.0, 0.0]	Result: 13499.0	wNN: 15611.89751659912
Parameters: [194.0, 91.3, 170.7, 67.9, 49.7, 3071.0, 181.0, 3.43, 3.27, 9.0, 160.0, 5200.0, 19.0, 25.0, 3.0]	Result: 17199.0	wNN: 16216.013988642057
Parameters: [194.0, 91.3, 170.7, 67.9, 49.7, 3139.0, 181.0, 3.43, 3.27, 7.8, 200.0, 5200.0, 17.0, 23.0, 3.0]	Result: 19699.0	wNN: 16631.39912825631
Parameters: [231.0, 99.2, 178.5, 67.9, 49.7, 3139.0, 181.0, 3.43, 3.27, 9.0, 160.0, 5200.0, 19.0, 25.0, 1.0]	Result: 18399.0	wNN: 17185.134095283447
Parameters: [161.0, 107.9, 186.7, 68.4, 56.7, 3020.0, 120.0, 3.46, 3.19, 8.4, 97.0, 5000.0, 19.0, 24.0, 0.0]	Result: 11900.0	wNN: 16958.121666995852
Parameters: [161.0, 107.9, 186.7, 68.4, 56.7, 3197.0, 152.0, 3.7, 3.52, 21.0, 95.0, 4150.0, 28.0, 33.0, 0.0]	Result: 13200.0	wNN: 22240.01961095421
Parameters: [161.0, 107.9, 186.7, 68.4, 56.7, 3075.0, 120.0, 3.46, 2.19, 8.4, 95.0, 5000.0, 19.0, 24.0, 0.0]	Result: 15580.0	wNN: 16133.403620873269
Parameters: [161.0, 107.9, 186.7, 68.4, 56.7, 3252.0, 152.0, 3.7, 3.52, 21.0, 95.0, 4150.0, 28.0, 33.0, 0.0]	Result: 16900.0	wNN: 21749.814179280584
Parameters: [161.0, 107.9, 186.7, 68.4, 56.7, 3075.0, 120.0, 3.46, 3.19, 8.4, 97.0, 5000.0, 19.0, 24.0, 0.0]	Result: 16630.0	wNN: 15765.63834422658
Parameters: [161.0, 107.9, 186.7, 68.4, 56.7, 3252.0, 152.0, 3.7, 3.52, 21.0, 95.0, 4150.0, 28.0, 33.0, 0.0]	Result: 17950.0	wNN: 21513.778845493856
Parameters: [161.0, 108.0, 186.7, 68.3, 56.0, 3130.0, 134.0, 3.61, 3.21, 7.0, 142.0, 5600.0, 18.0, 24.0, 0.0]	Result: 18150.0	wNN: 22703.706332279176
Parameters: [119.0, 93.7, 157.3, 63.8, 50.8, 1918.0, 90.0, 2.97, 3.23, 9.4, 68.0, 5500.0, 37.0, 41.0, 1.0]	Result: 5572.0	wNN: 5811.202791556119
Parameters: [119.0, 93.7, 157.3, 63.8, 50.8, 2128.0, 98.0, 3.03, 3.39, 7.6, 102.0, 5500.0, 24.0, 30.0, 1.0]	Result: 7957.0	wNN: 7754.523801333046
Parameters: [154.0, 93.7, 157.3, 63.8, 50.6, 1967.0, 90.0, 2.97, 3.23, 9.4, 68.0, 5500.0, 31.0, 38.0, 1.0]	Result: 6229.0	wNN: 6891.387530443253
Parameters: [154.0, 93.7, 167.3, 63.8, 50.8, 1989.0, 90.0, 2.97, 3.23, 9.4, 68.0, 5500.0, 31.0, 38.0, 1.0]	Result: 6692.0	wNN: 7017.42041010968
Parameters: [154.0, 93.7, 167.3, 63.8, 50.8, 2191.0, 98.0, 2.97, 3.23, 9.4, 68.0, 5500.0, 31.0, 38.0, 1.0]	Result: 7609.0	wNN: 7869.695335338729
Parameters: [74.0, 103.3, 174.6, 64.6, 59.8, 2535.0, 122.0, 3.35, 3.46, 8.5, 88.0, 5000.0, 24.0, 30.0, -1.0]	Result: 8921.0	wNN: 13585.825430912688
Parameters: [186.0, 94.5, 168.9, 68.3, 50.2, 2778.0, 151.0, 3.94, 3.11, 9.5, 143.0, 5500.0, 19.0, 27.0, 3.0]	Result: 22018.0	wNN: 17774.697054961547
Parameters: [150.0, 99.1, 186.6, 66.5, 56.1, 2658.0, 121.0, 3.54, 3.07, 9.31, 110.0, 5250.0, 21.0, 28.0, 3.0]	Result: 11850.0	wNN: 14393.038389513109
Parameters: [104.0, 99.1, 186.6, 66.5, 56.1, 2695.0, 121.0, 3.54, 3.07, 9.3, 110.0, 5250.0, 21.0, 28.0, 2.0]	Result: 12170.0	wNN: 14320.382075471698
Parameters: [150.0, 99.1, 186.6, 66.5, 56.1, 2707.0, 121.0, 2.54, 2.07, 9.3, 110.0, 5250.0, 21.0, 28.0, 3.0]	Result: 15040.0	wNN: 13384.55603339236
Parameters: [104.0, 99.1, 186.6, 66.5, 56.1, 2758.0, 121.0, 3.54, 3.07, 9.3, 110.0, 5250.0, 21.0, 28.0, 2.0]	Result: 15510.0	wNN: 13178.008192524321
Parameters: [150.0, 99.1, 186.6, 66.5, 56.1, 2808.0, 121.0, 3.54, 3.07, 9.0, 160.0, 5500.0, 19.0, 26.0, 3.0]	Result: 18150.0	wNN: 19556.521553505023
Parameters: [104.0, 99.1, 186.6, 66.5, 56.1, 2847.0, 121.0, 3.54, 3.07, 9.0, 160.0, 5500.0, 19.0, 26.0, 2.0]	Result: 18620.0	wNN: 17774.697054961547
Parameters: [83.0, 93.7, 156.9, 63.4, 53.7, 2050.0, 97.0, 3.62, 2.36, 9.0, 69.0, 4900.0, 31.0, 36.0, 2.0]	Result: 5118.0	wNN: 6597.8664238008505
Parameters: [83.0, 93.7, 157.9, 63.6, 53.7, 2120.0, 108.0, 3.62, 2.64, 8.7, 73.0, 4400.0, 26.0, 31.0, 2.0]	Result: 7053.0	wNN: 7760.553273758378
Parameters: [83.0, 93.3, 157.3, 63.8, 55.7, 2240.0, 108.0, 3.62, 2.64, 8.7, 73.0, 4400.0, 26.0, 31.0, 2.0]	Result: 7603.0	wNN: 7820.722603469588
Parameters: [102.0, 97.2, 172.0, 65.4, 52.5, 2145.0, 108.0, 3.62, 2.64, 9.5, 82.0, 4800.0, 32.0, 37.0, 0.0]	Result: 7126.0	wNN: 8357.295558958653
Parameters: [102.0, 97.2, 172.0, 65.4, 52.5, 2190.0, 108.0, 3.62, 2.64, 9.5, 82.0, 4400.0, 28.0, 33.0, 0.0]	Result: 7775.0	wNN: 7534.30974549969
Parameters: [102.0, 97.2, 172.0, 65.4, 52.5, 2340.0, 108.0, 3.62, 2.64, 9.0, 94.0, 5200.0, 26.0, 32.0, 0.0]	Result: 9960.0	wNN: 9018.376134553402
Parameters: [102.0, 97.0, 172.0, 65.4, 54.3, 2385.0, 108.0, 3.62, 2.64, 9.0, 82.0, 4800.0, 24.0, 25.0, 0.0]	Result: 9233.0	wNN: 9952.773286171467
Parameters: [102.0, 97.0, 172.0, 65.4, 54.3, 2510.0, 108.0, 3.62, 2.64, 7.7, 111.0, 4800.0, 24.0, 29.0, 0.0]	Result: 11259.0	wNN: 9405.422338568937
Parameters: [89.0, 97.0, 173.5, 65.4, 53.0, 2290.0, 108.0, 3.62, 2.64, 9.0, 82.0, 4800.0, 28.0, 32.0, 0.0]	Result: 7463.0	wNN: 7634.788172372979
Parameters: [89.0, 97.0, 173.5, 65.4, 53.0, 2455.0, 108.0, 3.62, 2.64, 9.0, 94.0, 5200.0, 25.0, 31.0, 0.0]	Result: 10198.0	wNN: 9504.16761543327
Parameters: [85.0, 96.9, 173.6, 65.4, 54.9, 2420.0, 108.0, 3.62, 2.64, 9.0, 82.0, 4800.0, 23.0, 29.0, 0.0]	Result: 8013.0	wNN: 10124.231282307821
Parameters: [85.0, 96.9, 173.6, 65.4, 54.9, 2650.0, 108.0, 3.62, 2.64, 7.7, 111.0, 4800.0, 23.0, 23.0, 0.0]	Result: 11694.0	wNN: 10953.267648226778
Parameters: [87.0, 95.7, 158.7, 63.6, 54.5, 1985.0, 92.0, 3.05, 3.03, 9.0, 62.0, 4800.0, 35.0, 39.0, 1.0]	Result: 5348.0	wNN: 6657.97686323714
Parameters: [87.0, 95.7, 158.7, 63.6, 54.5, 2040.0, 92.0, 3.05, 3.03, 9.0, 62.0, 4800.0, 31.0, 38.0, 1.0]	Result: 6338.0	wNN: 6851.439171741778
Parameters: [74.0, 95.7, 158.7, 63.6, 54.5, 2015.0, 92.0, 3.05, 3.03, 9.0, 62.0, 4800.0, 31.0, 38.0, 1.0]	Result: 6488.0	wNN: 6343.739632685654
Parameters: [77.0, 95.7, 169.7, 63.6, 59.1, 2280.0, 92.0, 3.05, 3.03, 9.0, 62.0, 4800.0, 31.0, 37.0, 0.0]	Result: 6918.0	wNN: 7792.207484158247
Parameters: [81.0, 95.7, 169.7, 63.6, 59.1, 2290.0, 92.0, 3.05, 3.03, 9.0, 62.0, 4800.0, 27.0, 32.0, 0.0]	Result: 7898.0	wNN: 7484.586968180194
Parameters: [91.0, 95.7, 169.7, 63.6, 59.1, 3110.0, 92.0, 3.05, 3.03, 9.0, 62.0, 4800.0, 27.0, 32.0, 0.0]	Result: 8778.0	wNN: 19020.995728566555
Parameters: [91.0, 95.7, 166.3, 64.4, 53.0, 2081.0, 98.0, 3.19, 3.03, 9.0, 70.0, 4800.0, 30.0, 37.0, 0.0]	Result: 6938.0	wNN: 7793.595432300163
Parameters: [91.0, 95.7, 166.3, 64.4, 52.8, 2109.0, 98.0, 3.19, 3.03, 9.0, 70.0, 4800.0, 30.0, 37.0, 0.0]	Result: 7198.0	wNN: 7722.004515064687
Parameters: [91.0, 95.7, 166.3, 64.4, 53.0, 2275.0, 110.0, 3.27, 3.35, 22.5, 56.0, 4500.0, 34.0, 36.0, 0.0]	Result: 7898.0	wNN: 8382.768544563209
Parameters: [91.0, 95.7, 166.3, 64.4, 52.8, 2275.0, 110.0, 3.27, 3.35, 22.5, 56.0, 4500.0, 38.0, 47.0, 0.0]	Result: 7788.0	wNN: 8414.907905264841
Parameters: [91.0, 95.7, 166.3, 64.4, 53.0, 2094.0, 98.0, 3.19, 3.03, 9.0, 70.0, 4800.0, 38.0, 47.0, 0.0]	Result: 7738.0	wNN: 7548.822441539965
Parameters: [91.0, 95.7, 166.3, 64.4, 52.8, 2122.0, 98.0, 3.19, 3.03, 9.0, 70.0, 4800.0, 28.0, 34.0, 0.0]	Result: 8358.0	wNN: 7984.973454329573
Parameters: [91.0, 95.7, 166.3, 64.4, 52.8, 2140.0, 98.0, 3.19, 3.03, 9.0, 70.0, 4800.0, 28.0, 34.0, 0.0]	Result: 9258.0	wNN: 7602.823560532581
Parameters: [168.0, 94.5, 168.7, 64.0, 52.6, 2169.0, 98.0, 3.19, 3.03, 9.0, 70.0, 4800.0, 29.0, 34.0, 1.0]	Result: 8058.0	wNN: 8299.694744537406
Parameters: [168.0, 94.5, 168.7, 64.0, 52.6, 2204.0, 98.0, 3.19, 3.03, 9.0, 70.0, 4800.0, 29.0, 34.0, 1.0]	Result: 8238.0	wNN: 7672.8892808920245
Parameters: [168.0, 94.5, 168.7, 64.0, 52.6, 2265.0, 98.0, 3.24, 3.08, 9.4, 112.0, 6600.0, 26.0, 29.0, 1.0]	Result: 9298.0	wNN: 8181.676641246684
Parameters: [168.0, 94.5, 168.7, 64.0, 52.6, 2300.0, 98.0, 3.24, 3.08, 9.4, 112.0, 6600.0, 26.0, 29.0, 1.0]	Result: 9538.0	wNN: 8074.633874748828
Parameters: [134.0, 98.4, 176.2, 65.6, 52.0, 2540.0, 146.0, 3.62, 3.5, 9.3, 116.0, 4800.0, 24.0, 30.0, 2.0]	Result: 8449.0	wNN: 10342.71774532975
Parameters: [134.0, 98.4, 176.2, 65.6, 52.0, 2536.0, 146.0, 3.62, 3.5, 9.3, 116.0, 4800.0, 24.0, 30.0, 2.0]	Result: 9639.0	wNN: 10032.353537394349
Parameters: [134.0, 98.4, 176.2, 65.6, 52.0, 2551.0, 146.0, 3.62, 3.5, 9.3, 116.0, 4800.0, 24.0, 30.0, 2.0]	Result: 9989.0	wNN: 9917.913347190513
Parameters: [134.0, 98.4, 176.2, 65.6, 52.0, 2679.0, 146.0, 3.62, 3.5, 9.3, 116.0, 4800.0, 24.0, 30.0, 2.0]	Result: 11199.0	wNN: 11131.1133245065
Parameters: [134.0, 98.4, 176.2, 65.6, 52.0, 2714.0, 146.0, 3.62, 3.5, 9.3, 116.0, 4800.0, 24.0, 30.0, 2.0]	Result: 11549.0	wNN: 11007.461772398274
Parameters: [134.0, 98.4, 176.2, 65.6, 53.0, 2975.0, 146.0, 3.62, 3.5, 9.3, 116.0, 4800.0, 24.0, 30.0, 2.0]	Result: 17669.0	wNN: 13273.83360137236
Parameters: [65.0, 102.4, 175.6, 66.5, 54.9, 2326.0, 122.0, 3.31, 3.54, 8.7, 92.0, 4200.0, 29.0, 34.0, -1.0]	Result: 8948.0	wNN: 10737.662662600362
Parameters: [65.0, 102.4, 175.6, 66.5, 54.9, 2480.0, 110.0, 3.27, 3.35, 22.5, 73.0, 4500.0, 30.0, 33.0, -1.0]	Result: 10698.0	wNN: 8466.159922163537
Parameters: [65.0, 102.4, 175.6, 66.5, 53.9, 2414.0, 122.0, 3.31, 3.54, 8.7, 92.0, 4200.0, 27.0, 32.0, -1.0]	Result: 9988.0	wNN: 10463.45314208529
Parameters: [65.0, 102.4, 175.6, 66.5, 54.9, 2414.0, 122.0, 3.31, 3.54, 8.7, 92.0, 4200.0, 27.0, 32.0, -1.0]	Result: 10898.0	wNN: 10149.229790617544
Parameters: [65.0, 102.4, 175.6, 66.5, 53.9, 2458.0, 122.0, 3.31, 3.54, 8.7, 92.0, 4200.0, 27.0, 32.0, -1.0]	Result: 11248.0	wNN: 10008.488704163035
Parameters: [197.0, 102.9, 183.5, 67.7, 52.0, 2976.0, 171.0, 3.27, 3.35, 9.3, 161.0, 5200.0, 20.0, 24.0, 3.0]	Result: 16558.0	wNN: 15717.933142025013
Parameters: [197.0, 102.9, 183.5, 67.7, 52.0, 3016.0, 171.0, 3.27, 3.35, 9.3, 161.0, 5200.0, 19.0, 24.0, 3.0]	Result: 15998.0	wNN: 15917.470077873708
Parameters: [90.0, 104.5, 187.8, 66.5, 54.1, 3131.0, 171.0, 3.27, 3.35, 9.2, 156.0, 5200.0, 20.0, 24.0, -1.0]	Result: 15690.0	wNN: 15747.116348916166
Parameters: [122.0, 97.3, 171.7, 65.5, 55.7, 2261.0, 97.0, 3.01, 3.4, 23.0, 52.0, 4800.0, 37.0, 46.0, 2.0]	Result: 7775.0	wNN: 7634.788172372978
Parameters: [122.0, 97.3, 171.7, 65.5, 55.7, 2209.0, 109.0, 3.19, 3.4, 9.0, 85.0, 5250.0, 27.0, 34.0, 2.0]	Result: 7975.0	wNN: 8784.879416136286
Parameters: [94.0, 97.3, 171.7, 65.5, 55.7, 2264.0, 97.0, 3.01, 3.4, 23.0, 52.0, 4800.0, 37.0, 46.0, 2.0]	Result: 7995.0	wNN: 7555.564295515914
Parameters: [94.0, 97.3, 171.7, 65.5, 55.7, 2212.0, 109.0, 3.19, 3.4, 9.0, 85.0, 5250.0, 27.0, 34.0, 2.0]	Result: 8195.0	wNN: 8722.435566316923
Parameters: [94.0, 97.3, 171.7, 65.5, 55.7, 2275.0, 109.0, 3.19, 3.4, 9.0, 85.0, 5250.0, 27.0, 34.0, 2.0]	Result: 8495.0	wNN: 8629.497686535247
Parameters: [94.0, 97.3, 171.7, 65.5, 55.7, 2319.0, 97.0, 3.01, 3.4, 23.0, 68.0, 4500.0, 37.0, 42.0, 2.0]	Result: 9495.0	wNN: 7764.908626390141
Parameters: [94.0, 97.3, 171.7, 65.5, 55.7, 2300.0, 109.0, 3.19, 3.4, 10.0, 100.0, 5500.0, 26.0, 32.0, 2.0]	Result: 9995.0	wNN: 11700.916856425527
Parameters: [256.0, 94.5, 165.7, 64.0, 51.4, 2221.0, 109.0, 3.19, 3.4, 8.5, 90.0, 5500.0, 24.0, 29.0, 3.0]	Result: 9980.0	wNN: 10654.407207330416
Parameters: [103.0, 104.3, 188.8, 67.2, 56.2, 2912.0, 141.0, 3.78, 3.15, 9.5, 114.0, 5400.0, 23.0, 28.0, -2.0]	Result: 12940.0	wNN: 15552.740296248245
Parameters: [74.0, 104.3, 188.8, 67.2, 57.5, 3034.0, 141.0, 3.78, 3.15, 9.5, 114.0, 5400.0, 23.0, 28.0, -1.0]	Result: 13415.0	wNN: 19083.50227739573
Parameters: [103.0, 104.3, 188.8, 67.2, 56.2, 2935.0, 141.0, 3.78, 3.15, 9.5, 114.0, 5400.0, 24.0, 28.0, -2.0]	Result: 15985.0	wNN: 14610.181712962964
Parameters: [74.0, 104.3, 188.8, 67.2, 57.5, 3042.0, 141.0, 3.78, 3.15, 9.5, 114.0, 5400.0, 24.0, 28.0, -1.0]	Result: 16515.0	wNN: 18447.70492578236
Parameters: [103.0, 104.3, 188.8, 67.2, 56.2, 3045.0, 130.0, 3.62, 3.15, 7.5, 162.0, 5100.0, 17.0, 22.0, -2.0]	Result: 18420.0	wNN: 15747.116348916166
Parameters: [74.0, 104.3, 188.8, 67.2, 57.5, 3157.0, 130.0, 3.62, 3.15, 7.5, 162.0, 5100.0, 17.0, 22.0, -1.0]	Result: 18950.0	wNN: 16125.007897666408
Parameters: [95.0, 109.1, 188.8, 68.9, 55.5, 2952.0, 141.0, 3.78, 3.15, 9.5, 114.0, 5400.0, 23.0, 28.0, -1.0]	Result: 16845.0	wNN: 14240.10510155881
Parameters: [95.0, 109.1, 188.8, 68.8, 55.5, 3049.0, 141.0, 3.78, 3.15, 8.7, 160.0, 5300.0, 19.0, 25.0, -1.0]	Result: 19045.0	wNN: 18367.728319306978
Parameters: [95.0, 109.1, 188.8, 68.9, 55.5, 3012.0, 173.0, 3.58, 2.87, 8.8, 134.0, 5500.0, 18.0, 23.0, -1.0]	Result: 21485.0	wNN: 19007.956044977233
Parameters: [95.0, 109.1, 188.8, 68.9, 55.5, 3217.0, 145.0, 3.01, 3.4, 23.0, 106.0, 4800.0, 26.0, 27.0, -1.0]	Result: 22470.0	wNN: 15456.13076583792
Parameters: [95.0, 109.1, 188.8, 68.9, 55.5, 3062.0, 141.0, 3.78, 3.15, 9.5, 114.0, 5400.0, 19.0, 25.0, -1.0]	Result: 22625.0	wNN: 15744.766969535009
Mean Error: 1543.5116745558437 in 159 instances
